Duty Cycle (ratio),PW (us),pos Delay (us),pos PW (us),pos Setpoint (V),y1,dep_rate_A_per_s,Ipk (A),BatchNr,FitNr
0.036140342,17.7512477348,24.7213798635,6.4907212639,23.3031284398,1.3514358719,0.9768692027724521,0.4874579809,1,1.0
0.0165250122,47.2758482179,39.5754956592,38.1466516072,90.7400569062,0.967525097,0.699363906065286,0.9853687803,2,2.0
0.0129599505,13.6589694535,2.3785977373,37.0622509718,51.5290846117,0.9061148253,0.6549742280902013,1.0729929563,3,3.0
0.0164632809,49.7710593814,12.6560779732,15.4762772454,24.2983468804,0.9403263953,0.6797036509258614,0.9637208514,4,4.0
0.0123499042,11.1336670676,38.198482486,9.030940868,95.9995138459,0.9119449935,0.659188495211553,1.0495702751,5,5.0
0.0350798828,33.2217292162,32.996931457,39.3738723174,15.0129154325,1.466599486,1.060113839261268,0.5550183462,6,6.0
0.0367062203,44.8770765525,16.3359147478,37.2113460657,90.3546624921,1.2378069525,0.894733901931195,0.4991473901,7,7.0
0.0240830612,28.7757175505,8.3943500043,5.0959438235,83.7809823679,1.2329689667,0.8912368219514945,0.7862118834,8,8.0
0.0144826433,11.194108717,25.5018735885,14.2531078689,3.2609931898,0.7853235795,0.5676617255586209,0.9611262041,9,9.0
0.0360751517,6.6874498046,1.6846930221,32.9569054262,29.2055554687,1.093819096,0.790654007714448,0.3311751851,10,10.0
0.0315390962,12.8606960423,32.6575246707,37.563450375,95.5125781786,1.6252975992,1.1748268660105297,0.4913567,11,11.0
0.0363703143,47.0076308644,5.2362681994,3.2923161879,10.5135149081,1.3984010235,1.010817399024693,0.5056424436,12,12.0
0.0309069167,9.5914021061,37.555131766,8.3609708533,95.3181440433,1.1888152157,0.8593208128861566,0.4506622377,13,13.0
0.0256740564,47.3488074977,36.9397617908,16.9210765082,10.5501907344,1.2576199037,0.9090554559507006,0.6762447235,14,14.0
0.0200231321,21.2514466066,24.6937142935,38.3476658436,5.915492765,1.1787468701,0.8520430300893437,0.9334117265,15,15.0
0.0375,48.5281153377,31.1600062285,1.2256003134,61.2130817824,1.2932404917,0.9348033705394446,0.4831307569,16,16.0
0.0266613308,26.8350762423,5.6893109528,31.6729789318,46.2092036466,1.2700679396,0.9180533693245848,0.7455140471,17,17.0
0.012,43.9441499367,1.9547287472,4.7241365951,90.6825993888,0.7989514406,0.5775124614204228,1.4585831933,18,18.0
0.0375,11.866549006,4.9668932944,11.3304821296,97.9973906925,1.3560867829,0.9802310579778702,0.4017401453,19,19.0
0.012,47.5214624313,36.0895700895,30.4418416322,7.9234112605,0.8262894376,0.5972734044959087,1.4412473051,20,20.0
0.0196192852,34.9473194451,32.6873232892,3.5053631653,28.673745832,1.2323202819,0.8907679279280323,0.9351527383,21,21.0
0.0277031914,7.1347543735,24.3977617515,0.5215754031,14.21624926,0.8894172422,0.6429045805173635,0.4294478747,22,22.0
0.012,31.7560523261,14.516344589,31.7160803696,92.6302652255,1.195432194,0.864103816246572,1.5018723029,23,23.0
0.012,49.0679626871,39.9336065729,0.1846255032,83.0701512663,0.7701235883,0.5566745943195954,1.4152738393,24,24.0
0.012,11.0755212455,9.0082037878,3.5497158344,19.5399713285,0.8706522905,0.6293405603604391,1.0600264677,25,25.0
0.012,23.9749251685,36.6942525321,10.6817270457,3.6021988379,0.9349057987,0.6757854377207105,1.4689820269,26,26.0
0.0214798879,35.8978087927,2.4614753126,30.2534957181,93.509226408,1.0777902584,0.7790677548013393,0.8754049944,27,27.0
0.0310707059,39.9826555559,38.8134810856,22.7965431431,7.5768055932,1.2210101351,0.8825925240354138,0.6052478844,28,28.0
0.0177715964,48.7553661401,39.5690116272,12.1083121607,95.4337158025,0.9623725203,0.6956394278286113,0.9143753153,29,29.0
0.017199304,5.249197781,16.7745483707,12.8368595986,85.7299241101,0.6924398889,0.5005218644126982,0.5108401734,30,30.0
0.0375,30.9528572333,29.3301957736,0.3964369291,48.8958447498,1.9400846753,1.4023669265245013,0.5225346437,31,31.0
0.0375,26.4049623655,4.6080427984,36.7547711481,5.3988470156,1.2589341074,0.9100054123248011,0.5307656478,32,32.0
0.012,40.7513515583,3.1547831678,35.5430345945,10.3018536373,0.7638302219,0.5521255099377522,1.4966897564,33,33.0
0.0262316614,49.0128375303,2.5359913817,38.3228627269,66.9739996792,1.1982235175,0.866121490942665,0.6433476994,34,34.0
0.012,5.5518372969,20.217118106,39.9355798975,16.4269189806,0.6734724681,0.48681149189646783,0.7325306882,35,35.0
0.012,22.164485106,3.2636295691,13.8883449585,95.8237935623,1.1587037136,0.8375550749311967,1.4412675494,36,36.0
0.0279620428,34.3859882783,37.6666090142,24.5548117839,94.8240846484,1.2401338204,0.8964158504702953,0.6970221465,37,37.0
0.0235302596,14.0980096295,13.3469915244,3.5241317859,66.1675551447,1.0702897192,0.7736460800470896,0.6710520548,38,38.0
0.0375,23.9754571576,21.1904460939,36.0793224827,92.1356476893,1.436006887,1.038000346185306,0.5182023587,39,39.0
0.0375,5.2462395227,36.8002182523,21.9102053,79.4536669994,0.8609997618,0.6223633458199884,0.2675388443,40,40.0
0.0375,39.210885083,31.0538326761,10.2534815488,96.2406790879,1.9382499106,1.4010406888782827,0.5203752493,41,41.0
0.0271942418,43.0351058727,2.4060379708,5.5755008769,75.0944586613,1.1978093239,0.8658220960692282,0.6779756131,42,42.0
0.0232228794,10.0311095115,10.0281397466,36.6008550539,88.4554183636,0.9548298181,0.6901872760557678,0.5809985601,43,43.0
0.0290508841,17.7520378593,3.1385602303,11.1390356819,5.4144908143,1.2645871239,0.9140916274656281,0.6078425318,44,44.0
0.0375,49.8345281488,39.4472243521,29.8122050726,6.5546435073,1.2830219296,0.9274170055482048,0.4770675824,45,45.0
0.0309316263,26.4708910688,35.4830632343,0.4132531621,84.166512761,1.3813070896,0.9984612540322847,0.6416066877,46,46.0
0.0181605266,29.0416376013,30.4280166871,38.5903609926,0.3028088419,0.9622444089,0.6955468240404582,1.0234719693,47,47.0
0.012,38.3808306538,32.3874016438,4.6067334675,92.8427657478,0.8676138273,0.6271442436978774,1.5122778847,48,48.0
0.012,20.3849595409,36.3417547661,38.025377913,94.1319606685,0.9727767809,0.7031600227521941,1.4100710484,49,49.0
0.0197637953,20.8016681363,30.3520196761,1.8755910835,73.6445134224,1.0305835441,0.7449449478501557,0.9013784602,50,50.0
0.0375,9.6309199795,31.6700055371,37.166255109,8.4051410793,1.0960394238,0.7922589450207443,0.3675407364,51,51.0
0.024619275,44.1023961963,28.238328432,39.01615686,98.1900160306,1.3476051239,0.9741001925496282,0.7282017773,52,52.0
0.0316772154,49.8941485629,12.5483731836,17.0230814272,88.134404734,1.217787387,0.880262999244306,0.5550217203,53,53.0
0.0300230697,27.4520485275,38.9435153829,38.7828360538,6.9072380925,1.4149884382,1.0228074126916116,0.6866401831,54,54.0
0.0279282223,5.6386294139,29.0692279688,33.2714022968,84.0765823122,0.8772992718,0.6341452510293684,0.364939341,55,55.0
0.0165459105,27.86511279,30.0018769786,10.8811299459,98.9743998964,1.3643601359,0.9862113519136841,1.0893739872,56,56.0
0.0177809846,44.1928665587,29.4997587925,3.2011026379,1.2504561697,0.896713674,0.648178718686812,0.9793056057,57,57.0
0.0241336733,24.2691953126,34.877265293,39.1625277908,99.3969057274,1.2896306869,0.9321940664574222,0.8069926805,58,58.0
0.0288305739,33.9840901863,39.1068322215,0.6935799101,1.2156070296,1.1049752866,0.7987181262153707,0.6883744468,59,59.0
0.025447929,14.1847881626,34.3707478131,33.9490581817,30.1930309947,1.1260912915,0.8139815769652771,0.6520021473,60,60.0
0.020533573,45.7924811577,4.4202225133,39.0955569868,13.3679220143,1.0205391447,0.7376844742766586,0.8321158848,61,61.0
0.0204947561,6.7410047089,5.8737750998,36.7066796256,7.1292780081,0.8403464445,0.607434343249491,0.5255577959,62,62.0
0.02280286,49.6642782868,5.7192494485,4.3260182339,23.4522323091,1.4764431706,1.0672292285501628,0.708284738,63,63.0
0.0324778719,5.6533505072,34.3717725256,23.1911451365,13.7197601893,0.9303333476,0.6724802963124887,0.3017348791,64,64.0
0.019731581,9.7093842236,6.5900831978,0.0111985946,5.3906969814,1.2482901241,0.9023115367241957,0.6840387877,65,65.0
0.0160753406,35.3290932698,2.8310280361,3.0173650115,87.972734976,1.1707407524,0.8462559039833112,1.174474371,66,66.0
0.0225260924,5.9519799684,37.8245607569,11.2482279539,84.161507647,0.8084531932,0.5843806892663016,0.4415691628,67,67.0
0.0329249947,30.7151133139,7.6805506365,27.8618674654,87.1714145055,1.7384001552,1.2565816913844574,0.6026498631,68,68.0
0.0328896045,20.1605406082,5.5562020287,36.0004797706,37.6555279186,1.1656170716,0.8425523128012008,0.5610848949,69,69.0
0.0281666714,37.0123012123,4.1411149247,38.9722902365,48.3438343823,1.1662925103,0.8430405455602313,0.6970221465,70,70.0
0.012,32.983902869,11.347838574,7.5387262337,16.4577573614,0.8536112423,0.6170226431616473,1.5122778847,71,71.0
0.0375,8.5155745175,33.4233373229,2.4141452966,11.5533080421,1.1753463415,0.849584998797177,0.3502217185,72,72.0
0.0335852353,43.5127867962,3.5944943987,36.8769030582,0.4365867873,1.732754253,1.2525006187300138,0.5385664601,73,73.0
0.0184232115,22.5911557912,3.8861098155,33.4007031668,87.8078978659,1.0924503778,0.7896646461881964,0.9680565105,74,74.0
0.0237130374,25.9156942321,39.2488850111,3.0283307013,1.6824879288,1.1444904234,0.8272811686696091,0.8104578337,75,75.0
0.0375,38.1832353611,22.8894601259,8.924863145,0.7490280511,1.2603243055,0.911010300339009,0.5268686158,76,76.0
0.0310809105,17.1589185919,30.2450409116,1.7055469202,91.7009752563,1.3199021028,0.9540753961837464,0.5467924032,77,77.0
0.012,15.9185454793,39.0905570878,35.2486443775,23.0815464784,0.8743655498,0.6320246452863324,1.3165287821,78,78.0
0.0222517363,35.7250605075,6.4801421299,31.6368421647,7.6756709939,1.0487565894,0.7580811155687172,0.8251788302,79,79.0
0.0320969881,28.0055517928,5.3004372615,1.873391339,13.0263071604,1.3235761044,0.9567311041522872,0.6087096636,80,80.0
0.0184180771,14.3007155765,29.9006329332,33.6508396193,93.2484507258,0.9931821929,0.7179098299514501,0.8424978482,81,81.0
0.012,20.5766880698,5.7756191423,20.6369468768,5.2609601473,0.8804718015,0.636438476052657,1.3892868773,82,82.0
0.0255915812,49.6964185701,31.9987022462,2.7318344259,96.3871610378,1.098161137,0.793792599946806,0.6312213502,83,83.0
0.012,47.4102829906,12.8754811733,39.4523318085,77.6331149047,0.8546878449,0.6178008524318263,1.4447158323,84,84.0
0.0375,36.1792718933,6.0647572892,28.7121006977,53.2283457812,1.4886610889,1.0760608041782982,0.5091109708,85,85.0
0.012,33.7712283262,30.6124748331,35.0259465177,49.9188499106,0.8714649399,0.6299279742274362,1.4845566591,86,86.0
0.012,40.9325912001,35.7925499386,39.159560703,51.2649182337,0.8624465324,0.6234091265869512,1.4620382243,87,87.0
0.0227722213,36.8408704589,38.2051457165,0.2877776844,78.2853932705,1.2441987492,0.8993541354742295,0.8251822043,88,88.0
0.0316744932,45.0983176456,39.7366660292,9.6777516846,94.7615259053,1.2262889509,0.8864082526906542,0.5576264898,89,89.0
0.0192374491,36.9467467766,35.5387473589,39.6629458191,61.8467510044,1.1409357434,0.8247117108877692,0.9420796706,90,90.0
0.0194699914,15.8660686401,2.8980851451,5.9695723196,3.2738754935,1.0211980221,0.7381607358987199,0.8398998268,91,91.0
0.0375,6.5068059981,13.6672564271,0.6024182137,86.4880328049,0.9963529569,0.7202017786596822,0.2982714129,92,92.0
0.012,6.7845381419,31.7289730352,38.4727109725,93.8475476842,0.9073525267,0.6558688856947745,0.8961857915,93,93.0
0.0375,22.3956628447,1.9904971602,0.2730431038,60.6926295681,1.5880005492,1.1478671409826295,0.5143053266,94,94.0
0.029207108,9.119245221,3.551584063,14.8403277123,89.0649013459,0.9647383648,0.6973495501353023,0.4662453049,95,95.0
0.0197820749,47.4929049905,8.5818567604,1.2897541662,99.1408906008,1.2523320852,0.9052332198017975,0.8494281546,96,96.0
0.0301853251,46.2479436366,11.2136268816,5.1456594434,10.8166619945,1.2536633098,0.9061954795292124,0.5879254925,97,97.0
0.0164534393,5.7315541948,27.0175167949,3.9991258779,2.2693982755,0.6703703475,0.484569161246205,0.5844670874,98,98.0
0.0328440237,5.9013549887,5.9944615538,1.8236938301,36.2215992272,1.2984862954,0.9385952367943452,0.3277100319,99,99.0
0.012,9.6419617098,1.6395053067,39.6923540221,23.7622393757,1.035238459,0.7483096972266421,1.0261206015,100,100.0
0.012,49.7095549132,5.3122563487,1.1650383835,10.7576563444,0.7760876251,0.5609856267520338,1.4187423665,101,101.0
0.012,5.8180562305,8.5067947345,4.639236998,99.038437176,0.7337711907,0.5303976999432065,0.7740855343,102,102.0
0.0375,48.8562188381,6.889379646,1.357579996,40.8351503974,1.7518550543,1.2663074037401034,0.4891922445,103,103.0
0.0375,14.8605925961,5.8515155715,37.2358833771,1.6885199626,1.2815566513,0.9263578467123894,0.4437353053,104,104.0
0.0375,49.3428027369,2.0694312333,31.8517280063,7.4736582845,1.3624742398,0.9848481545485525,0.4887586786,105,105.0
0.0375,46.060015249,39.5283478828,2.6708940148,99.3325458281,1.3437261933,0.9712963541125854,0.5004497749,106,106.0
0.0375,32.0029311714,37.2155105701,35.935525048,91.3008663478,1.525477544,1.102673136949872,0.5450581395,107,107.0
0.0375,47.8584645151,37.9470450666,36.0953560583,93.695344548,1.1697669652,0.8455520135912376,0.4965510557,108,108.0
0.012,39.4457860116,37.9680219965,36.5981406741,1.1735754338,0.8116186026,0.5866687674661788,1.6023516237,109,109.0
0.0375,32.2731040515,6.1767636697,4.3125938078,90.9002036827,1.3984097504,1.010823707159635,0.547659535,110,110.0
0.012,5.6986160853,38.3188264145,31.4459432166,93.2347056455,0.5975301459,0.43191749560206416,0.7368595992,111,111.0
0.0375,7.7298357735,3.2622137548,23.3618512075,4.0091854239,1.3695970906,0.9899968217751227,0.335502409,112,112.0
0.0375,47.3492452024,34.3217510037,38.354411117,19.6183865298,1.7084329946,1.2349202889506747,0.4813981803,113,113.0
0.0375,5.5284535047,39.3990031363,7.3111249926,96.751426199,0.9395641248,0.6791526528421824,0.2744624026,114,114.0
0.0375,23.8501595471,38.8815901883,29.0533708316,2.1756392139,1.6321638867,1.1797900795344545,0.5156026503,115,115.0
0.0375,21.343391637,38.5998366913,38.9286257031,90.2681881955,1.3783587378,0.9963300733138764,0.5121374971,116,116.0
0.012,27.0025979517,10.5333977766,0.3142648398,7.4897581349,0.8046135579,0.5816052549653202,1.5434541414,117,117.0
0.0375,5.6577762414,39.0738131996,36.0698385537,87.3661704819,0.9261408555,0.669449803707909,0.2826883456,118,118.0
0.012,8.7312747462,39.2251482812,32.874892348,6.2193781425,0.9595742549,0.6936167352634062,1.0104818624,119,119.0
0.0375,49.5524424687,1.8491425506,37.7806348142,89.6188276716,1.3647589987,0.9864996651023106,0.4588848067,120,120.0
0.0375,13.1823055561,7.2458301779,38.5584497501,95.9396660686,1.2888641902,0.9316400135157875,0.4225226294,121,121.0
0.012,5.983729894,2.9648853324,4.1602933519,86.6937560081,0.6656579796,0.48116288265810475,0.7671687241,122,122.0
0.012,48.6561149158,2.366266103,36.9539971555,62.9262390965,0.8496978959,0.6141939276765642,1.5105436211,123,123.0
0.012,12.9796912885,2.9373766771,0.577371044,98.3344936285,1.0185120473,0.7362192112462373,1.1796704138,124,124.0
0.012,30.7438150256,5.5375309749,0.0194714623,4.0208153556,0.8679263558,0.6273701511737604,1.5209357066,125,125.0
0.012,48.1772922004,3.064840177,9.9626166237,96.0053415006,0.7944438746,0.5742542214281148,1.4966897564,126,126.0
0.0375,34.7293135865,4.2882226402,0.8900772961,97.7972208281,1.5323021481,1.107606220128308,0.5273021817,127,127.0
0.012,49.6786331916,1.9209128817,0.8276797887,12.9166224913,0.7199350361,0.5203964016244518,1.4741645735,128,128.0
0.0375,6.0663592315,38.6236016336,22.7944940297,8.5813247708,1.001966464,0.7242594349048319,0.2939425019,129,129.0
0.0375,31.20021898,1.7242815078,3.709107852,9.7170690983,1.881737244,1.3601911859784719,0.5234169588,130,130.0
0.012,26.0937395807,37.4484521685,3.4138839787,91.359298111,0.9196022221,0.6647234310183198,1.4949487446,131,131.0
0.012,18.2698089979,6.1747604962,34.8882597478,95.6350192179,0.7658534346,0.5535879649593948,1.3840840864,132,132.0
0.012,33.2154262975,2.4758853336,39.2860974077,0.0990144036,0.8038380843,0.5810447131792434,1.5348030675,133,133.0
0.012,42.7095115309,39.4694467432,5.2038156771,12.1347431273,0.822559648,0.594577370841024,1.5001447874,134,134.0
0.0375,17.7807506047,36.0730171407,4.6732955223,0.4464842154,1.3825400064,0.9993524531461632,0.4770709564,135,135.0
0.012,5.9103698235,33.1616908085,4.2019866185,2.6341026943,0.6036144169,0.4363154378831621,0.7879461471,136,136.0
0.0375,5.7915622127,26.0847069464,38.6695366263,96.7292967018,1.2900390328,0.9324892343910863,0.2930770571,137,137.0
0.0375,5.8102501735,4.0822904355,9.761311138,88.4652294692,1.1886827824,0.8592250850644512,0.2943777548,138,138.0
0.0375,49.2613786299,23.2609880095,4.4750913958,0.0973349006,1.9197291061,1.3876531475951117,0.5004497749,139,139.0
0.012,5.8097382866,1.5884110705,0.2734207708,42.942152236,0.7083869071,0.5120489751543498,0.7559095067,140,140.0
0.0375,26.7596743464,37.614303817,6.7953050821,94.4209168744,1.7153251068,1.2399021695490984,0.5337854259,141,141.0
0.0375,25.3155976196,2.2436410582,1.7290513014,97.4276573118,1.2256182246,0.8859234262334148,0.5433238759,142,142.0
0.012,48.5291714121,28.5353150741,32.0664306156,98.6851468762,0.7254010838,0.5243474686118244,1.501879051,143,143.0
0.012,49.5386451519,31.2903763931,39.5566324147,22.9104112561,0.8348102973,0.6034326056797373,1.4966897564,144,144.0
0.0375,49.9836282147,1.8895315816,7.0672958748,83.9878372643,1.4270779519,1.0315461725954922,0.4753400668,145,145.0
0.012,38.032549557,2.5199061747,31.3026361267,97.7381528651,0.8780830904,0.6347118248985552,1.579839937,146,146.0
0.0375,5.4977989446,9.9316363019,6.1990332946,7.7119847961,0.8150163491,0.5891247877507457,0.2792248794,147,147.0
0.0375,49.2504889955,39.8352063555,16.9205720862,95.9253165507,2.2234327899,1.607181710985736,0.4922204578,148,148.0
0.0253906844,6.1762252135,2.8042718632,36.3497471498,3.9884709815,0.7393501534,0.5344303861833491,0.394381334,149,149.0
0.012,5.9994625876,38.4005429902,9.1677838137,70.5936683107,0.9466026529,0.6842403684169301,0.7931421899,150,150.0
0.012,7.4499923762,3.3325042807,31.6616751969,19.8083545083,0.7111747344,0.5140641226642272,0.994893734,151,151.0
0.012,45.8231947741,39.5823751422,36.2291576335,9.7912262449,1.015554723,0.7340815448638739,1.536523835,152,152.0
0.0375,33.7566858432,33.655566903,39.3213497941,0.9076680178,1.5165117759,1.0961923390680042,0.5164680951,153,153.0
0.012,7.9784720771,34.2543457288,0.3044527978,22.3591011988,0.6640069814,0.47996947842121324,0.936016496,154,154.0
0.012,42.8260429028,34.3594429473,1.4026009015,98.8749657412,0.9607948604,0.6944990353018151,1.515746412,155,155.0
0.0264757634,49.8048863722,38.3285146277,34.978861216,49.3803500069,1.1548162744,0.8347450861547471,0.6459423468,156,156.0
0.012,49.8418145857,26.7132108295,0.7165528097,1.3496726735,0.7838191282,0.5665742509898316,1.4776398489,157,157.0
0.0238098175,6.1310596106,9.9689559674,39.1632109672,82.5280315265,0.8124130955,0.587243057125029,0.4437336183,158,158.0
0.012,22.8905020325,35.557437848,3.0894993717,2.3264177113,1.4803447182,1.0700494154142517,1.4984105238,159,159.0
0.0375,14.9127503004,39.1792003503,8.7878476862,88.8901593227,1.2646608736,0.9141449365512768,0.4320458961,160,160.0
0.0375,7.2875411116,6.895782457,3.1815351651,95.696904214,1.0135229092,0.7326128726403096,0.3298778614,161,161.0
0.0244328622,7.459432803,37.283726652,31.8178025946,4.3603104904,1.0677584104,0.7718163538567152,0.4930875896,162,162.0
0.0375,49.4004992883,39.6998334586,29.1171173147,95.3638860751,1.772096102,1.280938402177476,0.4757719457,163,163.0
0.012,24.5534445389,2.4777823409,0.6373391388,85.7059222878,0.9846630927,0.7117519006010825,1.4499253713,164,164.0
0.012,5.3691515824,38.7201037301,36.9000306689,0.7435718184,0.4446136182,0.3213836185524516,0.5567492358,165,165.0
0.012,19.9048218287,34.1719582623,3.9680855524,99.5879265758,1.2119626805,0.8760526800472589,1.4308552195,166,166.0
0.0375,8.922185655,6.8904129819,37.2189379208,20.2540914506,0.9899178307,0.7155502249075265,0.3523895481,167,167.0
0.012,21.8812570988,4.6977991849,39.3915275731,2.5822038227,1.1204474527,0.8099019958147625,1.4187423665,168,168.0
0.0375,5.0694379604,26.4711617338,0.5591514417,10.4776225866,0.8594652501,0.6212541424517838,0.255847748,169,169.0
0.0375,47.7415394876,3.2095537558,35.8901868518,14.7542441442,2.0082432336,1.4516345224889569,0.4878915468,170,170.0
0.0223341481,49.9881104738,1.9584956455,29.9515136411,93.6275174456,1.0503411456,0.7592264930032128,0.7602417917,171,171.0
0.0375,18.1607700637,37.1639536783,0.3772202657,0.3348777906,1.3489030821,0.9750384060589998,0.4831290699,172,172.0
0.012,26.1192183061,38.9092690789,35.2760330119,21.7232997709,0.9054338205,0.654481971942579,1.5625040489,173,173.0
0.0375,36.5896691113,38.0592400102,34.8179398703,3.6301326771,1.322706924,0.956102827530312,0.5199450574,174,174.0
0.0375,32.4805200967,6.251709734,38.1837488143,3.4707284174,1.3037419588,0.9423942300150745,0.5433221889,175,175.0
0.012,8.0516547379,21.9815854944,39.1316997123,95.3402026611,0.6333461842,0.4578066890947596,0.9368768798,176,176.0
0.012,30.4830798001,39.9118329236,37.6990349274,89.4806383052,1.0322324829,0.7461368634744702,1.5573080061,177,177.0
0.0375,27.4657849725,9.265166406,38.1299640903,90.8822453976,1.2757465584,0.9221580907807392,0.5329267293,178,178.0
0.0375,47.10223195,36.0026300404,4.5412900366,3.1903486386,1.1882268493,0.8588955192943134,0.4904895682,179,179.0
0.012,8.6057182331,4.8044837206,38.2944730464,97.3773369689,0.702329965,0.5076707872406699,0.9671893787,180,180.0
0.012,28.7897877519,6.2278039271,38.9153850372,1.5798535275,0.9521938554,0.6882819020496251,1.5278525168,181,181.0
0.0241988065,47.4628461355,3.1343658569,9.7527961186,1.6165404511,1.0922852969,0.7895453194406022,0.7204077131,182,182.0
0.0375,42.3645832248,39.5636100288,6.2411288375,0.7199139445,1.432213196,1.035258122170248,0.5151673973,183,183.0
0.0375,8.3748375708,11.9326416521,0.0558165565,93.2574465023,1.0541954272,0.7620125142063936,0.3606121171,184,184.0
0.012,5.2186376185,5.7486184573,4.4948947053,0.6255888156,0.6469313842,0.46762658789235956,0.5896631302,185,185.0
0.0375,7.436307176,7.8755683334,38.5869533907,98.2583676776,1.1124578054,0.8041267751397252,0.3571503379,186,186.0
0.012,5.0904868844,30.2137193683,39.6283309433,91.8137069135,0.7440308796,0.5378137929483048,0.5515565671,187,187.0
0.012,31.4852958995,39.8738705536,3.2439209465,77.0896355328,1.0598279654,0.7660839268538052,1.5694343553,188,188.0
0.0375,7.4005459214,37.1598076195,36.8675388164,3.5312129584,0.9508524073,0.6873122523879174,0.3342067724,189,189.0
0.012,47.3840203962,39.5157052413,0.3679386196,14.2748315113,1.0687769722,0.7725526090311036,1.519201443,190,190.0
0.0375,31.6686068145,39.9078727675,38.1837271657,75.3197650918,1.6678311029,1.20557169875803,0.525567918,191,191.0
0.0375,40.4718131582,3.7098861003,2.6961749053,87.4284402275,1.205734779,0.8715509161828019,0.5147372055,192,192.0
0.0375,24.416474097,2.7155881438,36.0657587913,4.9775136103,1.423451785,1.02892504136583,0.5316294056,193,193.0
0.012,13.0250251094,38.8775321257,1.2129425869,25.830253659,0.8135486775,0.588063898946745,1.1952652902,194,194.0
0.012,33.8752218021,1.588639936,8.0554536406,4.4923699723,0.8617182595,0.622882703260461,1.5555804906,195,195.0
0.012,49.4444354986,39.7902077754,28.5013425168,97.3478873569,0.8292596558,0.5994203910791605,1.5088093574,196,196.0
0.0375,6.0883428983,2.0971720135,3.1767290874,6.7018148254,0.9890527013,0.7149248765022894,0.2913444805,197,197.0
0.0375,49.4687003327,37.1728256368,37.8808532136,94.3206265845,2.1000916589,1.518026054535958,0.4779380882,198,198.0
0.012,32.6504684203,3.8268830796,4.8580696103,92.7115329194,0.9746130337,0.7044873360536406,1.5261250013,199,199.0
0.0375,19.4063047555,8.3355767419,38.0650424985,0.6000895039,1.2288444201,0.8882554429362437,0.4870311631,200,200.0
0.0375,41.3400003947,2.7250377058,39.2279124699,73.5535837743,1.2557264462,0.9076867929183156,0.5069482024,201,201.0
0.012,45.6773563391,3.7801625051,39.7978350663,6.1911747331,0.7714120766,0.5576059626253907,1.5122778847,202,202.0
0.0238541974,7.8375522296,2.5188811385,3.0158739958,90.6355141313,1.1033448662,0.7975395963942756,0.4965578039,203,203.0
0.0375,32.4203153991,39.6767467119,34.8590093439,97.482571606,1.6356267914,1.1822931986419931,0.5320663456,204,204.0
0.0375,48.0012228338,2.5440841808,0.4977335968,88.9126351924,1.1849803279,0.8565488102585801,0.4649479813,205,205.0
0.0229819998,49.4652638069,11.6479796061,39.7053375838,94.7330229126,1.0840297034,0.7835778627462491,0.7264708877,206,206.0
0.0375,15.4836164997,2.0480062417,34.0391349594,95.6201732657,1.4000611059,1.0120173696665442,0.4515259954,207,207.0
0.012,17.336812983,3.0199621039,39.9774514098,95.1469802928,0.7809118081,0.5644727295433878,1.3684892099,208,208.0
0.0250859206,28.0630122505,39.3463254784,1.476303592,9.4420913069,1.1259158879,0.8138547885778602,0.7844809939,209,209.0
0.012,45.927477126,2.777039901,0.1657013081,80.5621278973,0.7593608052,0.5488948457091576,1.4897594499,210,210.0
0.0375,28.4804352037,4.4194622113,0.0196168461,1.5665245992,1.4488634997,1.0472935943961486,0.5463588373,211,211.0
0.0249365754,48.8681097762,37.143218563,21.2210941539,4.6912553736,1.023943429,0.740145220331502,0.7013544316,212,212.0
0.012,49.6459154258,34.2286896431,33.5366094946,92.2384324249,0.8451375877,0.6108975636178926,1.49842402,213,213.0
0.0375,48.8530319605,2.3283430201,1.5962970827,97.8043301989,1.514325419,1.094611957219122,0.4939530344,214,214.0
0.012,49.8298247186,2.1263210957,30.8929078093,8.8733161182,0.7601851613,0.5494907216237694,1.5261250013,215,215.0
0.0375,23.4080600672,2.0470085517,36.3385717552,76.4135655587,1.5045411734,1.0875395326981092,0.5268703028,216,216.0
0.012,41.8542008295,7.465340393,1.7629761677,2.2292849649,0.7110814533,0.5139966955404655,1.5659725761,217,217.0
0.0250441923,8.4772697455,39.7898767628,3.4162111469,12.6181016353,0.9844900488,0.7116268178944944,0.512574437,218,218.0
0.0375,43.881047807,33.4916777081,38.3040278498,5.4778893208,1.5801408927,1.1421858825974827,0.4978500664,219,219.0
0.012,5.7575590041,2.7151943806,29.7921212529,73.9249458623,0.586289325,0.42379220310434995,0.7706271292,220,220.0
0.012,35.1350625094,39.655194766,38.6224552236,89.137449756,1.0958732565,0.792138832981947,1.5607765333,221,221.0
0.0375,18.2768646409,36.3989385976,7.662149771,99.9427968322,1.3620215171,0.9845209093775298,0.4649462942,222,222.0
0.0234394809,5.0727263814,38.086623259,18.0155561988,89.4062847262,0.7591549954,0.5487460785649452,0.3995773768,223,223.0
0.0375,49.7664867417,37.95064311,28.0677347378,3.2675647676,2.0169877921,1.4579554216659798,0.4723067925,224,224.0
0.0375,5.8381024943,32.8641157841,39.9981922024,11.9473968427,0.889783659,0.643169440504242,0.2800886372,225,225.0
0.0375,26.1624453339,39.4068644889,6.3981493884,8.8533116493,1.7614442369,1.2732388293123222,0.5259947358,226,226.0
0.0375,19.8611485824,29.7670469831,36.2192373386,1.3758223775,1.2405457565,0.896713613536947,0.499579269,227,227.0
0.0233611142,49.1726105624,36.8432477448,37.9644557726,4.2125066218,1.0074397213,0.7282157132650493,0.7342649519,228,228.0
0.0237512534,17.4896966024,39.1011646173,3.011902743,6.4369814637,1.2456488965,0.9004023570482671,0.7611089235,229,229.0
0.0253051245,35.3965930283,2.0277123721,31.4089906081,3.4281626028,1.143089221,0.826268326329198,0.7680358559,230,230.0
0.012,19.2720316345,2.5901691257,12.8418125791,2.6601096375,0.8942801612,0.6464196831614856,1.4360512623,231,231.0
0.012,49.6102877608,34.0570785657,37.3903675385,16.6010072744,0.7334981735,0.530200352736393,1.4533871505,232,232.0
0.0375,13.9181873458,2.4835248424,1.2173958196,23.3453702873,1.4672941336,1.0606159569431568,0.4303166935,233,233.0
0.0234605112,36.5618556616,2.042998474,39.7775980053,78.5970155757,1.146224777,0.828534825357126,0.8087336923,234,234.0
0.012,35.9208464254,37.7491983585,15.9331632297,5.6843453378,0.7892912293,0.5705296936047534,1.5417266259,235,235.0
0.012,15.3018958217,37.9565313126,36.2113284355,85.8478620191,0.9517287689,0.6879457198541382,1.2732126801,236,236.0
0.012,10.8859649789,39.4124730883,7.0236485007,91.0882907586,0.7739699503,0.5594548909349514,1.1207729315,237,237.0
0.0375,41.0192851584,39.4411092624,0.6913643518,25.0502575584,1.3128648934,0.9489886338154692,0.5095377886,238,238.0
0.0238151095,8.3474160485,39.5219433754,39.106242545,27.7116481175,0.896104055,0.64773806290809,0.5138734477,239,239.0
0.0375,6.7449251154,4.944097845,2.4183274634,96.2363301987,1.2456281234,0.9003873414622091,0.306065477,240,240.0
0.012,33.5909085528,37.1642872498,2.4300319348,0.3997482406,1.1460708879,0.8284235884678601,1.5486501842,241,241.0
0.0375,36.4441557276,6.373482554,36.9994035039,96.8011179787,1.3505290501,0.9762137175161838,0.5212305719,242,242.0
0.012,17.1517565493,2.3807549298,3.2034689387,5.1036161037,0.8488835095,0.613605258239961,1.3390607131,243,243.0
0.023856979,35.7233706117,39.7862892169,39.6539670727,15.8169283477,1.1623681389,0.8402038607861982,0.8208499193,244,244.0
0.0375,33.2830437658,36.3833337224,8.2348214668,99.5227459984,1.4849554672,1.0733822399999136,0.5268635547,245,245.0
0.0261431907,11.7615646506,39.9563848351,37.6961685304,90.4981456699,1.1016163414,0.7962901529848931,0.547657848,246,246.0
0.0249715937,44.4167946536,9.7314866553,0.1717217781,98.8703392563,1.196883762,0.865153064756556,0.7074176061,247,247.0
0.0263854161,41.7731707148,5.2260419179,39.8805245638,1.8605755537,1.1421569907,0.8255944748436066,0.6641217484,248,248.0
0.0375,30.3375979016,34.9670445018,1.1426979208,8.8255456145,1.4372380219,1.0388902572741523,0.5320680326,249,249.0
0.0375,23.4545085253,37.9961102449,0.3042174671,6.0997666177,1.227430872,0.887233676654736,0.5182040457,250,250.0
0.0375,5.0609561703,5.1876046996,36.9541292676,58.6839273949,0.730949178,0.5283578419271641,0.2532514136,251,251.0
0.0252117811,33.9097964075,2.0325897413,2.7350925159,10.906680689,1.610556747,1.164171617887986,0.7611021754,252,252.0
0.0256552423,5.2331014271,14.1889851719,39.1754966247,99.5057424268,0.6099212466,0.4408742540498508,0.3632101384,253,253.0
0.012,49.3879069112,11.1307021822,3.1728774771,87.1693356936,0.8026930076,0.5802170082275687,1.5313277922,254,254.0
0.0375,22.11672176,39.6932726297,34.7727245396,91.4102787563,1.5843603419,1.1452358608183122,0.4961208639,255,255.0
0.012,38.6688468612,4.8534835719,35.0404518772,84.2105673401,0.7225583,0.5222925964553999,1.5261384975,256,256.0
0.0249006705,48.9385993656,37.0023062577,3.8244467551,97.0250866569,1.155169502,0.8350004124866759,0.6589257056,257,257.0
0.0375,10.680399907,2.5294953254,39.6212010916,82.5421491658,1.1603156937,0.8387202754027206,0.3852933203,258,258.0
0.0375,45.3217797032,1.8652768255,6.3752076746,8.879693012,1.3837210078,1.0002061258361363,0.4904895682,259,259.0
0.012,5.2676046986,36.8825968896,36.1639758235,4.1754938268,0.4890098094,0.35347487260707716,0.6026498631,260,260.0
0.012,49.3655785703,38.1562587546,36.9915553447,3.8551935448,0.8070293885,0.5833515091245629,1.5590490178,261,261.0
0.0244751766,20.6135171416,24.3097325794,2.5901674194,97.0141566516,1.4629482275,1.0574745708696451,0.7489859484,262,262.0
0.012,31.5348774329,34.367029039,39.0226525269,95.2642826525,0.8636390195,0.624271101577341,1.5088093574,263,263.0
0.012,26.643598269,38.7635881994,37.8521204213,4.81033216,0.8568688769,0.6193773852406422,1.5070818419,264,264.0
0.012,31.0386193624,7.3129350742,0.6411953936,93.4637208038,0.9337824728,0.6749734550738065,1.5296002767,265,265.0
0.0249161972,33.3055929092,2.1297084653,0.9017558881,7.6162322601,1.1259158879,0.8138547885778602,0.7567732645,266,266.0
0.0375,49.0657794821,2.2730813062,9.5829417453,4.3659385479,1.2133408057,0.8770488413105765,0.4675443156,267,267.0
0.0250596894,39.1604077539,39.4215893475,0.1995765302,93.5673897863,1.2948845998,0.9359917943502324,0.7403213784,268,268.0
0.012,45.9708392418,39.9465637526,38.5918950242,92.2499006425,0.7767601913,0.5614717831589093,1.5122643885,269,269.0
0.0375,40.3932526049,4.8286894743,37.7557082855,96.1897860862,1.5670718312,1.1327390683209455,0.5138751347,270,270.0
0.0375,27.5193965378,11.093938143,0.941789323,96.133346652,1.3996734009,1.0117371217597542,0.5181989846,271,271.0
0.0375,49.8670758502,9.3501413025,38.3370819508,83.7945921015,1.1159351594,0.8066403387503772,0.4684114474,272,272.0
0.012,5.0773900431,6.6061870544,21.1093002561,8.6214150321,0.5494916886,0.39719347320424675,0.5983209521,273,273.0
0.0375,6.4282633389,1.7905662227,1.8026561676,49.6471588955,1.1765188491,0.8504325318457459,0.3181901392,274,274.0
0.0375,8.4748909886,39.9257576173,36.5302211621,95.3113826972,1.3627311004,0.9850338231509351,0.3748978606,275,275.0
0.012,13.4561073191,37.6767934464,0.8571676747,31.6862543874,1.0473889104,0.7570925052157153,1.2697509009,276,276.0
0.012,49.7014346227,38.1638549796,8.7283960061,84.4782728571,0.7895415243,0.5707106163419634,1.475892089,277,277.0
0.0241896358,5.3730769279,2.4349255919,0.5770744762,20.2836177997,0.7435075087,0.5374354805736906,0.3935158893,278,278.0
0.0375,11.8686159903,37.2343480708,0.2765005483,98.5415877051,1.9129446013,1.3827490497144894,0.3995807509,279,279.0
0.0248552823,49.9728283649,4.5586236576,6.5868735166,1.1351980525,1.1445761638,0.8273431450888644,0.6606599692,280,280.0
0.012,7.0529047317,18.6400862262,38.2709944555,3.4924971702,0.60757512,0.43917838459056,0.8927172642,281,281.0
0.012,5.2130090923,1.7861384605,38.522125979,50.516276487,0.5969756366,0.43151667520867076,0.5636829163,282,282.0
0.012,45.918113925,13.4306715498,38.4373136571,3.4374690559,0.7987444928,0.5773628716865664,1.5209357066,283,283.0
0.012,25.7343281613,39.6579612573,0.9547223246,77.2783848572,1.1524959111,0.8330678393877017,1.5001515355,284,284.0
0.0375,8.3591296903,39.3444397306,31.8930939821,2.6722088224,0.9643231915,0.697049447097477,0.3454592416,285,285.0
0.0375,48.1059335756,34.8838383381,1.1250069855,9.3984278959,1.690453695,1.22192416798641,0.4766357035,286,286.0
0.0375,25.3897920611,36.1577830102,37.0990165736,97.7305237645,1.5723483108,1.1365531082820504,0.516901661,287,287.0
0.0375,38.8508621869,6.6259559594,5.0509003902,99.0846234896,1.2200793858,0.8819197430729004,0.503909867,288,288.0
0.0375,47.9908832499,33.8684351156,37.061244819,99.0339898766,1.2346673646,0.8924644884927347,0.4831307569,289,289.0
0.0375,17.3221140325,4.0759543714,31.7471228648,2.8461615735,1.3229099561,0.9562495868474118,0.4731722373,290,290.0
0.012,21.1231675596,10.6917772956,37.15457343,11.6550095104,0.877692152,0.634429239767376,1.4585831933,291,291.0
0.0247052765,49.9590503033,14.7113752431,1.0435619408,1.2672298715,0.9961757802,0.7200737086082075,0.6606633433,292,292.0
0.0375,49.9618101862,3.6020787413,37.7510718905,13.5717230648,1.4019882375,1.0134103736180249,0.4653832342,293,293.0
0.012,45.3139556004,1.8103731969,35.8268257229,95.3322665514,0.7975220842,0.5764792682989596,1.5105301248,294,294.0
0.012,12.8249680802,38.1890812166,39.9610674117,7.1809570777,0.9183221179,0.6637981230586002,1.1865939721,295,295.0
0.012,8.107019311,23.2470734067,0.2580118608,97.4455828615,0.746142518,0.539340165426084,1.013974008,296,296.0
0.0241223237,49.3642690452,5.7561343022,3.3427528679,99.7540089429,1.2249545093,0.8854436675933934,0.7030886952,297,297.0
0.0259778793,8.2654156687,4.7205160701,4.212300444,0.125937785,0.8953521397,0.6471945499564686,0.4861623442,298,298.0
0.0375,5.1066292166,5.2754213306,36.3192322991,14.1241965638,1.0466127043,0.7565314339508034,0.2675354702,299,299.0
0.0241908156,19.5587264625,7.3150364198,38.1598327829,3.1552676292,1.8439744898,1.3328948322580523,0.7576336482,300,300.0
0.0375,36.4251227331,2.5317084333,2.6054269957,1.5538429045,1.2959330287,0.9367496385994505,0.5277323735,301,301.0
0.0250104559,19.8667911954,2.640923698,9.2632562581,86.5795878305,1.1650191328,0.8421200999148863,0.7299326668,302,302.0
0.0375,11.9485886102,36.2629250769,2.6600359939,0.8727312767,1.0658183427,0.7704139992005826,0.3965441025,303,303.0
0.012,5.9628856424,4.7594105869,3.0713784491,23.0638873387,0.6768146067,0.4892273166778146,0.7896770367,304,304.0
0.0245561032,32.3699487199,37.7822088703,38.2123491945,88.3305446773,1.600341237,1.156787459070606,0.8147867447,305,305.0
0.0375,35.5654863562,39.7463897924,37.198255863,3.3484384989,1.2461338005,0.900752864085819,0.5117089922,306,306.0
0.012,12.0035436371,36.4627960825,35.9583456572,98.4433937693,0.8079712359,0.5840323122154841,1.1067841046,307,307.0
0.012,49.6557639537,9.6562328487,38.8840650705,95.6009021829,0.7325741467,0.5295324310523346,1.4603039607,308,308.0
0.0375,24.6303109571,2.5647434756,33.141603743,99.3260018492,1.4876172077,1.0753062471794526,0.5034779881,309,309.0
0.0241046293,26.0128744931,6.7483784241,39.1182315295,1.460324722,1.0936038958,0.7904984528322804,0.8069926805,310,310.0
0.0375,34.6237088086,3.2556678286,30.6791693697,0.060774777,1.2679283013,0.9165067574550894,0.5052122517,311,311.0
0.0239151973,20.2616736818,3.0929849271,39.4284411194,76.8105786602,1.1745823854,0.8490327822977651,0.7896804107,312,312.0
0.0375,49.668075645,10.5316703302,36.6718351972,98.8385721364,1.1295482408,0.8164803912833903,0.4675443156,313,313.0
0.012,22.2816879223,39.1782628025,28.886620277,4.0615098084,0.9943633459,0.7187636122236641,1.4845634072,314,314.0
0.012,49.0882575865,34.8658724409,2.1254714242,10.0247483819,0.7215345827,0.5215526146897026,1.4758988371,315,315.0
0.012,24.1239669195,3.168144925,38.0476100548,89.4357133128,1.0514007273,0.7599923989200773,1.4862909227,316,316.0
0.0375,49.8344120055,37.2671517183,3.7651359134,79.7207507112,1.1949009758,0.8637198315453204,0.4640842235,317,317.0
0.0243919394,21.459215779,37.0319594923,2.5188892071,89.4716118222,1.3063591209,0.9442860142331142,0.7818897206,318,318.0
0.012,19.2637283182,3.3913233585,4.0308244918,88.1594965846,0.8428804965,0.6092660523290669,1.4083367848,319,319.0
0.012,36.7726363378,38.6094880513,36.8240092165,90.9506676599,0.8061690026,0.5827295895013788,1.5624973008,320,320.0
0.0227932795,29.8105283,2.2513511536,0.3983282892,0.2625460685,1.161372108,0.8394838918025039,0.8598202401,321,321.0
0.012,19.3379893943,32.0351236178,5.507395758,97.6126946704,0.9330825734,0.6744675411913091,1.4533871505,322,322.0
0.0375,8.1743463144,36.3922855932,35.611184097,96.8665851211,0.967195183,0.6991254316893539,0.3536868717,323,323.0
0.0375,46.2650935194,38.970626461,2.5481839744,94.0003812872,1.6359770753,1.1825463971557013,0.5034847362,324,324.0
0.012,48.5417421747,2.0012241473,17.1452719783,1.6435040611,0.7541870414,0.5451550526314932,1.4949554927,325,325.0
0.0252722573,30.5382408929,38.5375645297,0.4690644343,96.7527171245,1.4686854047,1.0616216205625386,0.7654344604,326,326.0
0.0262621339,49.6514882588,39.2226674171,38.5721193284,42.1781249076,1.0285022261,0.7434404921096719,0.6572015641,327,327.0
0.012,6.0658514006,16.8425030734,2.4337775062,99.3838190475,0.70356928,0.5085666112166399,0.8208499193,328,328.0
0.012,22.8426632296,38.0732396926,37.6517922544,92.5772737131,1.1595331436,0.8381546184535368,1.4862976708,329,329.0
0.0258404523,13.6014487876,32.7424445174,39.9881606774,0.2582994935,0.9881135514,0.7142460232668731,0.6165003537,330,330.0
0.0248385837,5.6114378247,39.4968037167,38.7461699658,11.7389291649,0.8468442223,0.6121311839588874,0.3878879676,331,331.0
0.0246027738,33.2998690468,1.8921407765,0.5375405941,99.6136884967,1.7666333964,1.2769897509869832,0.8139196129,332,332.0
0.0248983102,5.0348396718,36.3650363607,33.4198254762,3.4237990936,0.6520960917,0.47135983473224463,0.3666769787,333,333.0
0.0375,24.27539488,38.7400763747,1.9233808991,88.7332187346,2.0030372754,1.4478714580755851,0.5121391841,334,334.0
0.0239908331,14.7356283285,38.7143769715,6.5226067323,97.8169061837,1.0916804269,0.7891080964195422,0.6926932356,335,335.0
0.0251550407,41.2397495415,3.8687848093,37.9383334299,95.449857721,1.0408034557,0.7523322883112766,0.7411851361,336,336.0
0.0258067956,49.8257958155,9.966735444,39.8509414598,5.6903323964,1.0968710167,0.7928600519693946,0.6693110431,337,337.0
0.0248577962,5.252977037,11.2397366174,39.6602505927,88.2858647729,0.6767328461,0.48916821700923174,0.3848580673,338,338.0
0.0228551682,33.5948573843,38.5799201411,32.5193292003,0.6037041983,1.739884929,1.257654942308502,0.8606839979,339,339.0
0.0248331882,5.6004908175,25.0905520373,1.5664643465,88.5440431558,0.8363155687,0.6045206730479706,0.3900524231,340,340.0
0.0375,5.5598853904,39.1188364187,17.7053903797,16.0795562216,1.2343676824,0.8922478668106513,0.2740271496,341,341.0
0.012,37.7549033497,3.9487660191,2.2319698119,1.8202724161,1.3218486314,0.9554824210239131,1.5867567472,342,342.0
0.0375,15.0735713818,5.6880233804,1.0945814336,85.6838873409,1.3538669008,0.9786264428404703,0.4433034264,343,343.0
0.012,49.0163008151,3.3663020967,11.015021896,82.3917180209,0.7398546571,0.5347950606288497,1.501879051,344,344.0
0.012,5.1015442119,12.8726323735,1.7076072296,18.4051619926,0.6097154586,0.4407255026635068,0.5957161826,345,345.0
0.0247880757,48.4797677083,35.1022900819,5.1372578326,6.6867392977,1.360285194,0.983265829060572,0.7048195848,346,346.0
0.012,49.9557062471,2.3459343366,36.2694006093,11.3112785889,0.7506365745,0.542588640238431,1.493214481,347,347.0
0.0375,41.3931988023,36.8865593246,39.1068213053,90.3760663346,1.5586243082,1.1266328776906716,0.5086757179,348,348.0
0.0375,24.2582301142,36.1750902157,1.2533440453,93.7563952583,1.4318196805,1.034973674213259,0.5190745516,349,349.0
0.0251762852,48.6173888218,2.9391852444,39.1612093843,91.3335545183,0.9333935102,0.6746922981259477,0.6537330369,350,350.0
0.012,17.076629543,2.8415813242,2.3921104828,10.571400406,0.9669447657,0.6989444205490566,1.3459707752,351,351.0
0.012,5.0614983882,1.6076185745,27.8759202795,93.2434420409,0.4812606688,0.3478734993140544,0.5723441122,352,352.0
0.012,49.7798509856,31.4540181351,38.9260002642,85.3775926826,0.7827020853,0.5657668099340813,1.5105436211,353,353.0
0.0257087105,5.4385486739,2.5327194385,32.2199681056,74.2997158878,0.7064305801,0.5106348676583238,0.3848580673,354,354.0
0.0253952948,19.5161436261,3.4782870682,0.1496823172,83.0174314164,1.8256558343,1.3196534119537433,0.7273312714,355,355.0
0.0258715536,26.3622621983,1.8419942668,2.9482111271,3.9774125771,1.1625278183,0.8403192831243355,0.7706271292,356,356.0
0.0375,49.9195170722,26.511769446,3.0222935228,1.1797393692,1.1510159236,0.8319980481831767,0.4697104581,357,357.0
0.0375,5.5636519007,8.6946079347,25.8032877839,4.3228970522,0.887789241,0.641727799385958,0.2679690361,358,358.0
0.012,5.7612933931,39.1488355252,20.0037969769,4.2291994567,0.8228405555,0.594780421456509,0.8087303182,359,359.0
0.0244074314,5.3453979801,2.3305077239,3.9370191047,79.0400425087,1.1145161125,0.8056145977272751,0.4311804513,360,360.0
0.0375,5.9800657298,32.5693295748,1.0331440198,59.7688209466,1.2895935773,0.9321672422283774,0.2900471569,361,361.0
0.0375,42.0857233242,2.4372609946,2.0506316972,92.5640171776,1.8786398683,1.3579522851222354,0.4978483794,362,362.0
0.0375,37.5597513095,1.9424597449,11.4814689743,0.2968774141,1.2990558917,0.9390069626446446,0.5021840385,363,363.0
0.012,10.599903417,1.7925565375,39.9248535426,95.2035104457,0.6980120385,0.504549625885263,1.0253243248,364,364.0
0.012,7.3557423878,2.8470207104,6.0421567351,93.5955559274,0.6907727735,0.499316810051193,0.9896976913,365,365.0
0.0375,15.417672575,36.4602248044,39.5797321938,7.0358074741,1.4062113586,1.016463006027707,0.4562901593,366,366.0
0.012,37.9463267748,35.4387375526,7.9173858569,0.2376138466,0.8161413899,0.5899380099925362,1.5538394788,367,367.0
0.0256452008,5.2979930945,3.4259242037,39.7300955378,31.8512766965,0.7272956183,0.5257169101407354,0.3770640032,368,368.0
0.0375,17.90598551,38.9781199027,34.968153955,6.3998228206,1.8049116391,1.3046587193837658,0.4770709564,369,369.0
0.012,28.6326722372,37.1507651384,1.4762094459,1.8174668194,0.8676183064,0.6271474813615632,1.4949487446,370,370.0
0.012,10.5556554163,36.9105842009,4.4867914696,99.1418211623,0.8672489357,0.6268804861835165,1.0790156422,371,371.0
0.0238678494,22.3359685703,39.4095746646,4.0742629411,3.4028729321,1.2590873743,0.9101161994642634,0.8069960546,372,372.0
0.0375,5.1591768463,6.1951012807,2.1721560904,32.825522794,0.8206918215,0.593227234869417,0.2597464671,373,373.0
0.012,49.8502262112,9.1730763376,39.2846268909,79.1942704854,0.7995424963,0.5779396989404993,1.5659725761,374,374.0
0.012,5.3318754351,39.62447481,35.480291961,92.1599248206,0.6342353251,0.4584493939246338,0.5654138058,375,375.0
0.0250401464,25.3646757763,37.1221337661,39.7499406924,5.3395207264,1.408066985,1.01780432330343,0.7931421899,376,376.0
0.012,38.222252356,3.8792573679,39.2149738896,16.230165367,0.753217784,0.5444544365509919,1.5521187114,377,377.0
0.012,5.7631874402,38.3282150612,14.5039975914,91.2033781737,0.6935471903,0.5013222639420714,0.7680257337,378,378.0
0.0237457191,48.2746453036,36.5581518732,3.8989230857,8.6594186139,1.3436483053,0.9712400537064413,0.7212714709,379,379.0
0.012,36.86871168,2.6111899699,2.517795263,91.4238715391,0.9507273445,0.6872218522436909,1.5226632221,380,380.0
0.0375,20.6250131856,5.4121760983,2.0195778669,12.140796776,1.3156398544,0.9509944810747872,0.4861606572,381,381.0
0.0375,22.4646176978,7.069879242,37.9206200534,1.0264668172,1.2605349319,0.9111625491047323,0.500017896,382,382.0
0.0375,5.5719073715,38.1923755523,13.7113292269,7.705048205,0.9186672315,0.6640475842829969,0.2714325023,383,383.0
0.0375,5.4029498273,6.4715482165,32.9660997866,74.7025360469,1.0714001976,0.7744487760327888,0.2744624026,384,384.0
0.0375,49.907114398,3.7587893221,37.9562264595,74.2372604129,1.5972114349,1.1545251191802461,0.4753400668,385,385.0
0.0375,20.8595099676,2.250289601,5.2576781177,2.8482252876,1.4367772506,1.038557194269203,0.4822653122,386,386.0
0.0238472939,40.0457894352,2.6232525759,39.5188963293,94.6435547307,1.0137980365,0.7328117451075871,0.7827467302,387,387.0
0.025838157,15.8137556043,1.7380090896,38.4029302709,89.9110384082,1.1347535322,0.8202429737083835,0.6424805676,388,388.0
0.012,34.0183714356,36.1016350205,39.7987671252,2.5229935629,0.7791721462,0.5632152358149156,1.5642383125,389,389.0
0.0375,49.435967697,37.8520853356,38.8971606662,10.4194397024,1.2985356762,0.9386309311130555,0.4697104581,390,390.0
0.012,26.5465038837,3.6276619106,39.4450555269,12.2561610733,0.9410767292,0.6802460207814696,1.5157261676,391,391.0
0.012,32.4469439622,4.8411806731,38.876802466,0.3902725116,0.7974937006,0.5764587515543028,1.5729096306,392,392.0
0.012,40.8576291678,37.1805944822,0.8628251971,97.3866516632,0.88569083,0.64021098817554,1.5157329157,393,393.0
0.023754752,27.7607213653,5.3312915419,39.2335883754,88.9616713951,1.2125529221,0.8764793291049198,0.8312420048,394,394.0
0.0375,38.5435997226,17.866033601,38.4277329196,0.7264004047,1.1910900973,0.8609651837521374,0.508242152,395,395.0
0.012,49.4630471804,8.3073808641,34.4464111609,9.3440967714,0.6932947,0.5011397543586,1.5313345403,396,396.0
0.0233841316,18.0409851516,38.6904642463,37.5322313731,1.0399000455,1.4698364364,1.062453630014503,0.7766903038,397,397.0
0.0375,36.2485799466,37.8928392115,2.3115318115,94.9894173256,1.3668401854,0.9880040259341653,0.5134331337,398,398.0
0.012,26.3412074243,8.6803137154,0.7073412061,92.1086121187,0.9025321513,0.6523845351813894,1.5295800323,399,399.0
0.012,47.464906522,36.130458229,2.7937750448,93.307132131,0.7275789986,0.5259217481900268,1.5070818419,400,400.0
0.012,26.2557347424,4.6288955766,39.9794461081,84.7789479021,1.0117641021,0.7313415400337597,1.5192081911,401,
